0.06  0  3.55293e+09  0  0  0  0
0.08  0  3.97724e+09  0  0  0  0
0.1  0  3.44617e+09  0  0 0  0
0.12  0  4.09299e+09  0  0  0  0
0.14  0  4.80958e+09  0  0 0 0
0.16  0  5.17883e+09  0  0  0 0
0.18  0  5.41464e+09  0  0  0  0
0.2  0 5.3898e+09  0  0  0  0
0.22  0  5.07123e+09  0  0  0 0
0.24  0 4.63713e+09  0  0  0 0
0.26  0  4.66198e+09  0  0 0 0
0.28  0  4.42242e+09  0  0  0 0
0.3  0  3.51893e+09  0  0 0  0
0.32  0  3.22166e+09   0  0 0  0
0.34  0  2.83907e+09    0  0 0  0
0.36  0  2.5514e+09    0  0 0  0
0.38  0  2.31299e+09    0  0 0  0
0.4  0  1.32319e+09    0  0 0  0
0.42  0  2.05408e+09    0  0 0  0
0.44  0  7.98726e+08    0  0 0  0
0.46  0  8.34359e+08    0  0 0  0
0.48  0  6.30731e+08    0  0 0  0
0.5  0  7.36211e+08   0  0 0  0
0.52  0  4.85097e+08    0  0 0  0
0.54  0 4.68245e+08    0  0 0  0
0.56  0  2.87e+08  0    0  0 0  0
0.58  0  6.32445e+08    0  0 0  0
0.6  0  4.07846e+08    0  0 0  0
0.62  0  2.99953e+08    0  0 0  0
0.64  0  2.96231e+08    0  0 0  0
0.66  0  7.59701e+07    0  0 0  0
0.68  0  6.65047e+07    0  0 0  0
0.7  0  5.36964e+08    0  0 0  0
0.72  0  4.87751e+07    0  0 0  0
0.74  0  2.99884e+08  0  0 0  0
0.76  0  3.53316e+07  0  0 0  0
0.78  0  3.01449e+08  0  0 0  0
0.8  0  2.94986e+08  0  0 0  0
0.82  0  2.86945e+07  0  0 0  0
0.84  0  1.98317e+07  0  0 0  0
0.86  0  2.22976e+07  0  0 0  0
0.88  0  1.39417e+07  0  0 0  0
0.9  0  1.22958e+07  0  0 0  0
0.92  0  2.85319e+07  0  0 0  0
0.94  0  1.40729e+07  0  0 0  0
0.96  0  8.38332e+06  0  0 0  0
0.98  0  8.32117e+06  0  0 0  0
1  0  6.92008e+06  0  0 0  0
1.02  0  6.56027e+06  0  0 0  0
1.04  0  6.04643e+06  0  0 0  0
1.06  0  1.61753e+07  0  0 0  0
1.08  0  1.62448e+07  0  0 0  0
1.1  0  4.00974e+06  0  0 0  0
1.12  0  2.7577e+06  0  0 0  0
1.14  0 3.83646e+06  0  0 0  0
1.16  0 2.68457e+06  0  0 0  0
1.18  0  2.37193e+06  0  0 0  0
1.2  0  2.10607e+06  0  0 0  0
1.22  0  2.0479e+06  0  0 0  0
1.24  0  1.67408e+06  0  0 0  0
1.26  0  1.60915e+06  0  0 0  0
1.28  0  1.46411e+06  0  0 0  0
1.3  0  1.86054e+06  0  0 0  0
1.32  0  711016  0  0 0  0
1.34  0  1.30175e+06  0  0 0  0
1.36  0  818000  0  0 0  0
1.38  0  198060  0  0 0  0
1.4  0  467643  0  0 0  0
1.42  0  454226  0  0 0  0
1.44  0  420873  0  0 0  0
1.46  0  338453  0  0 0  0
1.48  0  196250  0  0 0  0
1.5  0  122307  0  0 0  0
1.52  0  32790.4  0  0 0  0
1.54  0  68168.1  0  0 0  0
1.56  0  34749.1  0  0 0  0
1.58  0  0  0  0  0  0
1.6  0  72948.6  0  0 0  0
1.62  0  37807.7  0  0 0  0
1.64  0  0  0  0  0  0
1.66  0  78025.4  0  0 0  0
1.68  0  0  0  0  0  0
1.7  0  0  0  0  0  0
1.72  0  0  0  0  0  0
1.74  0  0  0  0  0  0
1.76  0  0  0  0  0  0
1.78  0  0  0  0  0  0
1.8  0  0  0  0  0  0
1.82  0  0  0  0  0  0
1.84  0  0  0  0  0  0
1.86  0  0  0  0  0  0
1.88  0  0  0  0  0  0
1.9  0  0  0  0  0  0
1.92  0  0  0  0  0  0
1.94  0  0  0  0  0  0
1.96  0  0  0  0  0  0
1.98  0  0  0  0  0  0
2  0  0  0  0  0  0
