0.06  1.22335e+09 1.22335e+09  0  8.79063e+09   8.79063e+09  0
0.08  2.38636e+09 2.38636e+09  0  2.4259e+10 2.4259e+10  0
0.1  2.77533e+09  2.77533e+09  0  3.74736e+10 3.74736e+10  0
0.12  3.14024e+09 3.14024e+09  0  6.4874e+10 6.4874e+10  0
0.14  3.32097e+09   3.32097e+09  0  9.21708e+10   9.21708e+10  0
0.16  3.02194e+09  3.02194e+09  0  1.26284e+11 1.26284e+11  0
0.18  3.42773e+09  3.42773e+09  0  1.55768e+11  1.55768e+11  0
0.2  2.66867e+09 2.66867e+09  0  1.85085e+11  1.85085e+11  0
0.22  2.62885e+09   2.62885e+09  0  1.92583e+11  1.92583e+11  0
0.24  2.93971e+09  2.93971e+09  0  2.00761e+11 2.00761e+11  0
0.26  1.9536e+09   1.9536e+09  0   1.98236e+11  1.98236e+11  0
0.28  1.72845e+09  1.72845e+09  0  1.87975e+11  1.87975e+11  0
0.3  1.55904e+09   1.55904e+09  0  1.70259e+11  1.70259e+11  0
0.32  1.46963e+09 1.46963e+09  0  1.62358e+11   1.62358e+11  0
0.34  1.36937e+09 1.36937e+09  0  1.47229e+11  1.47229e+11  0
0.36  1.39235e+09  1.39235e+09  0  1.22041e+11   1.22041e+11  0
0.38  1.38246e+09 1.38246e+09  0  1.1131e+11  1.1131e+11  0
0.4  1.01548e+09  1.01548e+09  0  9.72741e+10  9.72741e+10  0
0.42  6.66434e+08  6.66434e+08  0  8.39284e+10  8.39284e+10  0
0.44  7.00712e+08  7.00712e+08  0  7.54902e+10  7.54902e+10  0
0.46  6.75619e+08  6.75619e+08  0  6.34212e+10 6.34212e+10  0
0.48  4.36611e+08  4.36611e+08  0  5.34115e+10  5.34115e+10  0
0.5  1.49498e+09  1.49498e+09  0  4.46044e+10   4.46044e+10  0
0.52  3.71349e+08  3.71349e+08  0  4.13402e+10   4.13402e+10  0
0.54  4.67365e+08  4.67365e+08  0  3.84954e+10  3.84954e+10  0
0.56  1.70745e+08  1.70745e+08  0  3.3913e+10  3.3913e+10  0
0.58  1.69689e+08  1.69689e+08  0  3.12599e+10  3.12599e+10  0
0.6  3.42348e+08  3.42348e+08  0  2.63611e+10   2.63611e+10  0
0.62  1.2349e+08 1.2349e+08  0  2.66992e+10  2.66992e+10  0
0.64  30053e+08  3.30053e+08  0  1.98552e+10  1.98552e+10  0
0.66  9.98943e+07  9.98943e+07  0  2.11094e+10  2.11094e+10  0
0.68  8.85424e+07  8.85424e+07  0 1.77115e+10  1.77115e+10  0
0.7  7.62743e+07  7.62743e+07  0  1.20974e+10  1.20974e+10  0
0.72  3.20403e+08  3.20403e+08  0  7.08204e+09  7.08204e+09  0
0.74  6.20422e+07  6.20422e+07  0  4.90838e+09 4.90838e+09  0
0.76  5.6392e+07  5.6392e+07  0  4.2868e+09  4.2868e+09  0
0.78  4.98903e+07  4.98903e+07  0  2.41731e+09  2.41731e+09  0
0.8  4.46496e+07  4.46496e+07  0  5.42082e+08  5.42082e+08  0
0.82  3.86286e+07   3.86286e+07  0  2.84414e+08  2.84414e+08  0
0.84  3.54838e+07   3.54838e+07  0  3.01135e+08   3.01135e+08  0
0.86  4.11838e+07  4.11838e+07  0  167366  167366  0
0.88  2.87097e+07  2.87097e+07  0  3.08713e+08    3.08713e+08  0
0.9  2.48178e+07  2.48178e+07  0  182804  182804  0
0.92  2.16288e+07   2.16288e+07  0  91907.3   91907.3  0
0.94  2.15532e+07  2.15532e+07  0  89089.6  89089.6  0
0.96  1.78837e+07  1.78837e+07  0  59686.2  59686.2  0
0.98  1.67343e+07 1.67343e+07  0  82621.9   82621.9  0
1  1.99165e+07 1.99165e+07  0  79027.5 79027.5  0
1.02  1.51862e+07  1.51862e+07  0  75070.5  75070.5  0
1.04  1.33302e+07  1.33302e+07  0  28192.2  28192.2  0
1.06  1.28156e+07 1.28156e+07  0  28213.8   28213.8  0
1.08  1.02262e+07  1.02262e+07  0  56328.2 56328.2  0
1.1  1.05392e+07  1.05392e+07  0  1.4063e+06  1.4063e+06  0
1.12  9.16944e+06  9.16944e+06  0  27932.6 27932.6  0
1.14  7.64314e+06  7.64314e+06  0  7.64314e+06   7.64314e+06   0
1.16  7.88842e+06  7.88842e+06  0  7.88842e+06  7.88842e+06  0
1.18  6.44195e+06   6.44195e+06  0  26747.7  26747.7  0
1.2  6.20591e+06   6.20591e+06  0  533328  533328 0
1.22  4.00662e+06   4.00662e+06  0  380070  380070  0
1.24  3.33985e+06 3.33985e+06  0  307789  307789  0
1.26  4.40974e+06  4.40974e+06  0  321655  321655 0
1.28   2.80114e+06  2.80114e+06  0  179986 179986  0
1.3  3.09272e+06  3.09272e+06  0  178110  178110  0
1.32  3.43878e+06 3.43878e+06  0  163387  163387  0
1.34  1.57745e+06  1.57745e+06  0  74009.9  74009.9  0
1.36  1.73309e+06  1.73309e+06  0  98627.7  98627.7  0
1.38  1.01392e+06 1.01392e+06  0  57425.8  57425.8  0
1.4  708872  708872  0  34620.6  34620.6 0
1.42  696098 696098  0  41327  41327  0
1.44  704803 704803  0  24537.9   24537.9  0
1.46  0619864  619864  0  25378.9  25378  0
1.48  0810336  810336  0  32275.7  32275  0
1.5  514089  514089  0  14268.6  14268  0
1.52  213280 213280  0  1703.32  1703  0
1.54  328599  328599  0  9466.29  9466  0
1.56  237367  237367  0  16222.7  16222  0
1.58  85369  85369.8  0  6943.58  6943  0
1.6  237486  237486  0  6556.39  6556 0
1.62  166571  166571  0  5464.84 5464  0
1.64  0  0  0  0  0  0
1.66  184532  184532  0  8072.08  8072 0
1.68  0  0  0  0  0  0
1.7  95633  95633.2  0  2424.71  2424  0
1.72  97273  97273.4  0  1592.84  1592 0
1.74  100095  100095  0  89.9932  89  0
1.76  0  0  0  0  0  0
1.78  0  0  0  0  0  0
1.8  0  0  0  0  0  0
1.82  0  0  0  0  0  0
1.84  0  0  0  0  0  0
1.86  0  0  0  0  0  0
1.88  0  0  0  0  0  0
1.9  0  0  0  0  0  0
1.92  0  0  0  0  0  0
1.94  0  0  0  0  0  0
1.96  0  0  0  0  0  0
1.98  0  0  0  0  0  0
2  0  0  0  0  0  0
