0.06  2.53637e+08  1.46654e+09  0  1.48438e+08  7.55692e+09  0
0.08  1.30621e+08  2.87924e+09  0  3.49921e+08  2.26961e+10  0
0.1  5.71039e+07  2.96052e+09  0  4.29494e+08  3.83612e+10  0
0.12  4.358e+07  3.52421e+09  0  5.09293e+08  6.04587e+10  0
0.14  3.58253e+07  3.90188e+09  0  5.73474e+08  8.54902e+10  0
0.16  3.01024e+07  4.07185e+09  0  6.15721e+08  1.128e+11  0
0.18  2.66227e+07  4.12331e+09  0  6.20292e+08  1.43677e+11  0
0.2  2.27761e+07  4.00168e+09  0  5.98932e+08  1.68903e+11  0
0.22  2.13277e+07  3.79394e+09  0  5.65774e+08  1.84125e+11  0
0.24  1.91884e+07  3.70883e+09  0  5.20328e+08  1.88295e+11  0
0.26  1.66107e+07  3.15972e+09  0  4.76459e+08  1.83616e+11  0
0.28  1.48821e+07  2.56562e+09  0  4.23149e+08  1.76646e+11  0
0.3  1.37292e+07  2.64672e+09  0  3.79837e+08  1.66289e+11  0
0.32  1.16739e+07  2.02305e+09  0  3.32057e+08  1.5221e+11  0
0.34  1.06262e+07  1.86941e+09  0  2.90371e+08  1.38087e+11  0
0.36  9.47817e+06  1.71213e+09  0  2.53933e+08  1.21432e+11  0
0.38  8.1347e+06  1.34998e+09  0  2.19031e+08  1.03237e+11  0
0.4  7.16303e+06  1.31594e+09  0  1.87533e+08  8.99923e+10  0
0.42  6.3442e+06  1.07879e+09  0  1.62326e+08  7.5108e+10  0
0.44  5.44282e+06  9.79335e+08  0  1.38916e+08  5.93665e+10  0
0.46  4.85809e+06  9.6803e+08  0  1.19792e+08  5.12575e+10  0
0.48  4.22662e+06  7.01734e+08  0  1.00803e+08  4.40795e+10  0
0.5  3.82815e+06  5.52473e+08  0  8.60785e+07  3.2307e+10  0
0.52  3.06089e+06  5.55159e+08  0  7.44801e+07  2.81387e+10  0
0.54  2.81898e+06  4.57294e+08  0  6.3424e+07  2.45763e+10  0
0.56  2.45923e+06  6.88952e+08  0  5.42307e+07  2.19183e+10  0
0.58  2.12335e+06  3.42073e+08  0  4.67919e+07  1.93262e+10  0
0.6  2.10246e+06  2.8241e+08  0  3.88947e+07  1.90543e+10  0
0.62  1.65609e+06  4.31918e+08  0  3.31538e+07  1.39449e+10  0
0.64  1.3419e+06  2.6137e+08  0  2.85585e+07  1.40592e+10  0
0.66  1.34594e+06  3.19004e+08  0  2.45692e+07  1.34596e+10  0
0.68  1.24684e+06  2.58104e+08  0  2.08235e+07  9.76518e+09  0
0.7  1.09027e+06  1.35132e+08  0  1.82721e+07  8.195e+09  0
0.72  992970  1.272e+08  0  1.55044e+07  6.4437e+09  0
0.74  790272  1.17117e+08  0  1.30634e+07  5.37778e+09  0
0.76  885426  5.5623e+07  0  1.16372e+07  2.96757e+09  0
0.78  604273  4.19362e+07  0  1.01984e+07  1.68904e+09  0
0.8  624391  1.08309e+08  0  8.55467e+06  1.53643e+09  0
0.82  474750  1.07207e+08  0  7.76288e+06  7.31007e+08  0
0.84  545881  3.78846e+07  0  6.60321e+06  7.68763e+07  0
0.86  367316  3.00112e+07  0  5.48769e+06  2.34098e+08  0
0.88  318665  2.14012e+07  0  4.87336e+06  2.35931e+08  0
0.9  274894  2.37969e+07  0  4.20154e+06  8.08129e+07  0
0.92  230305  2.12554e+07  0  3.52532e+06  251128  0
0.94  201682  1.54977e+07  0  3.09518e+06  171470  0
0.96  225126  2.67577e+07  0  2.60316e+06  216059  0
0.98  160122  1.46301e+07  0  2.3361e+06  170710  0
1  108011  1.65836e+07  0  1.90154e+06  100910  0
1.02  151461  1.36294e+07  0  1.61826e+06  162407  0
1.04  83879.1  8.2812e+06  0  1.369e+06  82800.9  0
1.06  149660  8.12869e+06  0  1.26776e+06  114295  0
1.08  43571.7  6.37764e+06  0  914670  36397.2  0
1.1  102081  8.77565e+06  0  829726  87802  0
1.12  29432.7  9.77824e+06  0  765400  31995.1  0
1.14  35358.7  1.40746e+07  0  651516  36239.6  0
1.16  68889  4.27448e+06  0  487489  58816.5  0
1.18  14331.6  3.64442e+06  0  407012  13524.9  0
1.2  32375.1  3.61167e+06  0  382041  34681  0
1.22  1919.11  3.34835e+06  0  334799  9233.07  0
1.24  16380.1  2.72832e+06  0  269151  21616.5  0
1.26  7806.16  2.49964e+06  0  221827  11767  0
1.28  4004.52  2.0615e+06  0  185392  10504.6  0
1.3  468.777  1.8422e+06  0  148035  714.585  0
1.32  233.956  1.59184e+06  0  106736  9368.47  0
1.34  0  1.77771e+06  0  141790  0  0
1.36  0  1.49806e+06  0  86622.3  0  0
1.38  0  1.22462e+06  0  80171.4  0  0
1.4  0  1.33106e+06  0  74968.2  0  0
1.42  0  1.11924e+06  0  60985.3  0  0
1.44  0  780474  0  38020.6  0  0
1.46  0  627160  0  43700.5  0  0
1.48  0  747908  0  31217.3  0  0
1.5  0  563388  0  30681.9  0  0
1.52  0  439065  0  21939.7  0  0
1.54  0  561065  0  21571.8  0  0
1.56  0  314768  0  10188.7  0  0
1.58  0  441528  0  14294.3  0  0
1.6  0  286057  0  8359.15  0  0
1.62  0  254025  0  9202.25  0  0
1.64  0  331124  0  5923.83  0  0
1.66  0  185018  0  5176.68  0  0
1.68  0  166614  0  3665.86  0  0
1.7  0  113831  0  1993.53  0  0
1.72  0  144123  0  1002.34  0  0
1.74  0  75683.6  0  215.441  0  0
1.76  0  38947.4  0  1.25387  0  0
1.78  0  0  0  0  0  0
1.8  0  0  0  0  0  0
1.82  0  0  0  0  0  0
1.84  0  0  0  0  0  0
1.86  0  0  0  0  0  0
1.88  0  0  0  0  0  0
1.9  0  0  0  0  0  0
1.92  0  0  0  0  0  0
1.94  0  0  0  0  0  0
1.96  0  0  0  0  0  0
1.98  0  0  0  0  0  0
2  0  0  0  0  0  0
