0.06  6.49318e+08  1.12029e+10  0  1.86015e+07  1.09751e+09  0
0.08  1.1237e+09  3.14504e+10  0  2.94733e+07  1.94117e+09  0
0.1  1.1675e+09  4.98919e+10  0  2.23089e+07  2.0257e+09  0
0.12  1.21042e+09  8.21818e+10  0  2.01319e+07  2.4338e+09  0
0.14  1.22762e+09  1.2298e+11  0  1.74613e+07  2.30534e+09  0
0.16  1.23053e+09  1.70116e+11  0  1.60308e+07  2.40603e+09  0
0.18  1.23548e+09  2.14486e+11  0  1.38747e+07  2.3895e+09  0
0.2  1.23719e+09  2.4873e+11  0  1.20859e+07  2.46489e+09  0
0.22  1.20528e+09  2.76807e+11  0  1.06096e+07  1.78901e+09  0
0.24  1.17097e+09  2.93955e+11  0  8.66832e+06  2.0195e+09  0
0.26  1.11204e+09  2.95792e+11  0  7.18358e+06  1.52985e+09  0
0.28  1.06177e+09  2.92793e+11  0  6.1488e+06  1.46445e+09  0
0.3  9.90558e+08  2.84439e+11  0  5.03995e+06  1.5097e+09  0
0.32  9.12102e+08  2.62506e+11  0  4.2942e+06  1.19595e+09  0
0.34  8.44652e+08  2.44337e+11  0  3.31847e+06  1.29402e+09  0
0.36  7.8265e+08  2.3511e+11  0  3.09792e+06  1.37077e+09  0
0.38  7.03273e+08  2.12277e+11  0  2.35746e+06  7.19297e+08  0
0.4  6.46739e+08  1.92024e+11  0  2.3154e+06  1.13422e+09  0
0.42  5.73875e+08  1.68801e+11  0  1.36755e+06  6.24295e+08  0
0.44  5.23886e+08  1.56177e+11  0  1.48791e+06  5.56753e+08  0
0.46  4.76724e+08  1.43769e+11  0  1.10694e+06  5.52562e+08  0
0.48  4.17234e+08  1.23651e+11  0  983252  7.96526e+08  0
0.5  3.77261e+08  1.10372e+11  0  647553  3.34467e+08  0
0.52  3.42188e+08  1.02483e+11  0  447558  4.76832e+08  0
0.54  3.01685e+08  8.54826e+10  0  431300  2.68994e+08  0
0.56  2.74584e+08  8.36952e+10  0  185118  2.43373e+08  0
0.58  2.41559e+08  7.74028e+10  0  433954  2.16996e+08  0
0.6  2.1215e+08  7.03522e+10  0  161551  1.90456e+08  0
0.62  1.93883e+08  6.11498e+10  0  188080  1.717e+08  0
0.64  1.72322e+08  5.98396e+10  0  199515  1.5288e+08  0
0.66  1.54104e+08  4.42763e+10  0  259197  1.36275e+08  0
0.68  1.38938e+08  3.78893e+10  0  71528.5  1.24195e+08  0
0.7  1.23492e+08  2.65952e+10  0  221941  1.15343e+08  0
0.72  1.09376e+08  2.39025e+10  0  129721  1.00981e+08  0
0.74  9.73952e+07  1.41259e+10  0  48840.4  8.89351e+07  0
0.76  8.56663e+07  1.17012e+10  0  91145.6  7.75912e+07  0
0.78  7.77949e+07  4.35531e+09  0  98516.6  7.20735e+07  0
0.8  6.95305e+07  3.11467e+09  0  81680.1  6.31332e+07  0
0.82  6.12301e+07  1.81251e+09  0  75372.7  5.59408e+07  0
0.84  5.43134e+07  1.85858e+09  0  94368.7  4.9591e+07  0
0.86  4.7979e+07  1.57408e+09  0  11420.5  4.45303e+07  0
0.88  4.26393e+07  5.39418e+07  0  39620.8  3.82436e+07  0
0.9  3.91835e+07  6.97231e+08  0  11062.8  3.47078e+07  0
0.92  3.32763e+07  4.16787e+07  0  0  2.92945e+07  0
0.94  3.06502e+07  9.96337e+07  0  1407.33  2.72298e+07  0
0.96  2.67267e+07  8.58542e+07  0  0  2.38981e+07  0
0.98  2.5553e+07  5.91124e+07  0  0  2.11743e+07  0
1  2.1137e+07  5.61941e+07  0  0  1.76302e+07  0
1.02  1.79769e+07  3.83157e+07  0  0  1.54066e+07  0
1.04  1.90752e+07  7.79554e+07  0  0  1.51481e+07  0
1.06  1.4185e+07  4.26384e+07  0  0  1.21769e+07  0
1.08  1.38281e+07  7.39833e+07  0  0  1.07648e+07  0
1.1  1.25133e+07  6.02886e+07  0  0  9.96466e+06  0
1.12  1.03098e+07  0  0  0  8.2688e+06  0
1.14  9.08894e+06  4.12467e+07  0  0  7.37934e+06  0
1.16  8.70468e+06  0  0  0  6.61091e+06  0
1.18  7.37435e+06  8.67242e+07  0  0  5.66173e+06  0
1.2  6.5257e+06  2.61234e+07  0  0  5.34464e+06  0
1.22  5.71429e+06  0  0  0  4.69491e+06  0
1.24  4.85356e+06  8.54856e+07  0  0  3.86694e+06  0
1.26  4.04898e+06  2.49191e+07  0  0  3.1412e+06  0
1.28  3.89155e+06  2.24284e+07  0  0  2.70587e+06  0
1.3  3.32338e+06  0  0  0  2.48333e+06  0
1.32  3.07567e+06  3.19687e+07  0  0  2.2477e+06  0
1.34  1.64046e+06  0  0  0  1.47836e+06  0
1.36  2.18785e+06  0  0  0  1.66704e+06  0
1.38  1.72456e+06  0  0  0  1.30407e+06  0
1.4  1.41172e+06  6.28703e+07  0  0  1.17487e+06  0
1.42  1.11887e+06  0  0  0  900063  0
1.44  1.13125e+06  0  0  0  865178  0
1.46  696316  0  0  0  491335  0
1.48  749719  0  0  0  576949  0
1.5  652344  0  0  0  492613  0
1.52  344259  0  0  0  375201  0
1.54  350765  0  0  0  268182  0
1.56  252254  0  0  0  178006  0
1.58  113402  0  0  0  62349.4  0
1.6  118186  0  0  0  71760.3  0
1.62  129623  0  0  0  80371.6  0
1.64  106416  0  0  0  75182.5  0
1.66  62792.9  0  0  0  52905.6  0
1.68  64487.3  0  0  0  63071.5  0
1.7  22523.9  0  0  0  24965.9  0
1.72  25846.8  0  0  0  33048.7  0
1.74  6533.24  0  0  0  15415.5  0
1.76  13895.7  0  0  0  42570.3  0
1.78  2176.06  0  0  0  14399.3  0
1.8  0  0  0  0  0  0
1.82  0  0  0  0  0  0
1.84  0  0  0  0  0  0
1.86  0  0  0  0  0  0
1.88  0  0  0  0  0  0
1.9  0  0  0  0  0  0
1.92  0  0  0  0  0  0
1.94  0  0  0  0  0  0
1.96  0  0  0  0  0  0
1.98  0  0  0  0  0  0
2  0  0  0  0  0  0
