0.06  6.04677e+08  9.83556e+09  0  2.44152e+07  1.24015e+09  0
0.08  1.03319e+09  2.99999e+10  0  3.62615e+07  2.1919e+09  0
0.1  1.07651e+09  4.90027e+10  0  2.76581e+07  2.24562e+09  0
0.12  1.11987e+09  7.5827e+10  0  2.45603e+07  2.65396e+09  0
0.14  1.12288e+09  1.09179e+11  0  2.14248e+07  2.86389e+09  0
0.16  1.12496e+09  1.49655e+11  0  1.90838e+07  3.13475e+09  0
0.18  1.11821e+09  1.90252e+11  0  1.64588e+07  3.09767e+09  0
0.2  1.11304e+09  2.28405e+11  0  1.45893e+07  2.98547e+09  0
0.22  1.09755e+09  2.55538e+11  0  1.29699e+07  2.64342e+09  0
0.24  1.06145e+09  2.66941e+11  0  1.04445e+07  2.58262e+09  0
0.26  1.01505e+09  2.71612e+11  0  9.18633e+06  2.09508e+09  0
0.28  9.54025e+08  2.74274e+11  0  7.76538e+06  1.80774e+09  0
0.3  8.89502e+08  2.64728e+11  0  6.86713e+06  1.54704e+09  0
0.32  8.27274e+08  2.52234e+11  0  5.6641e+06  1.42677e+09  0
0.34  7.61009e+08  2.40776e+11  0  4.96114e+06  1.16161e+09  0
0.36  6.94947e+08  2.19206e+11  0  4.2333e+06  1.29133e+09  0
0.38  6.30806e+08  1.97261e+11  0  3.764e+06  9.77878e+08  0
0.4  5.73425e+08  1.75587e+11  0  3.09986e+06  7.75246e+08  0
0.42  5.18429e+08  1.52342e+11  0  2.67425e+06  9.06452e+08  0
0.44  4.66049e+08  1.33976e+11  0  2.32556e+06  6.51596e+08  0
0.46  4.20091e+08  1.1365e+11  0  1.89238e+06  5.49738e+08  0
0.48  3.73579e+08  9.58308e+10  0  1.73736e+06  5.07506e+08  0
0.5  3.34725e+08  8.04766e+10  0  1.40479e+06  6.54224e+08  0
0.52  2.94968e+08  6.68815e+10  0  1.16319e+06  4.13249e+08  0
0.54  2.65618e+08  5.87621e+10  0  1.03652e+06  3.43409e+08  0
0.56  2.35777e+08  4.97701e+10  0  1.02738e+06  2.541e+08  0
0.58  2.08054e+08  4.56407e+10  0  738953  2.27869e+08  0
0.6  1.84214e+08  3.95647e+10  0  636811  3.12481e+08  0
0.62  1.60992e+08  3.80991e+10  0  663968  3.94042e+08  0
0.64  1.4505e+08  3.44546e+10  0  515249  1.7986e+08  0
0.66  1.25798e+08  3.13579e+10  0  440304  2.23392e+08  0
0.68  1.12429e+08  2.7621e+10  0  397451  2.14366e+08  0
0.7  9.51339e+07  2.2299e+10  0  307995  2.05268e+08  0
0.72  8.63439e+07  2.03144e+10  0  315140  7.56154e+07  0
0.74  7.4845e+07  1.38391e+10  0  288573  6.72846e+07  0
0.76  6.6769e+07  9.44562e+09  0  196827  5.94002e+07  0
0.78  5.64822e+07  6.9612e+09  0  176756  5.11117e+07  0
0.8  5.10591e+07  3.3654e+09  0  164621  4.59666e+07  0
0.82  4.5402e+07  2.6485e+09  0  120782  4.15876e+07  0
0.84  3.98296e+07  1.7814e+09  0  73894.2  3.59376e+07  0
0.86  3.41747e+07  1.08179e+09  0  79824.7  3.16224e+07  0
0.88  3.08786e+07  3.71677e+08  0  29077.1  2.86587e+07  0
0.9  2.64514e+07  3.09138e+08  0  31451.8  2.47511e+07  0
0.92  2.37796e+07  1.55573e+08  0  17436.4  2.22497e+07  0
0.94  2.09394e+07  7.62376e+07  0  28185.2  1.96769e+07  0
0.96  1.84901e+07  3.87936e+07  0  12752.9  1.76887e+07  0
0.98  1.61345e+07  5.39025e+07  0  10736.7  1.5188e+07  0
1  1.41549e+07  5.82974e+07  0  8499.83  1.33506e+07  0
1.02  1.32426e+07  4.33834e+07  0  6272.07  1.21266e+07  0
1.04  1.10186e+07  5.97085e+07  0  155.764  9.74632e+06  0
1.06  9.89073e+06  4.23618e+07  0  5210.15  8.98623e+06  0
1.08  8.65563e+06  5.03314e+07  0  0  7.63039e+06  0
1.1  8.20992e+06  4.59666e+07  0  0  7.13134e+06  0
1.12  6.98888e+06  4.00653e+07  0  0  6.15596e+06  0
1.14  5.97455e+06  6.1835e+07  0  0  5.12448e+06  0
1.16  5.39765e+06  6.70349e+07  0  0  4.50144e+06  0
1.18  4.83258e+06  3.06894e+07  0  0  4.0155e+06  0
1.2  4.03959e+06  3.84808e+07  0  0  3.51529e+06  0
1.22  3.57328e+06  2.43414e+07  0  0  2.85294e+06  0
1.24  3.36499e+06  3.66967e+07  0  0  2.72177e+06  0
1.26  2.74376e+06  3.49762e+07  0  0  2.12476e+06  0
1.28  2.4034e+06  1.50908e+07  0  0  1.82194e+06  0
1.3  1.95233e+06  0  0  0  1.51329e+06  0
1.32  1.90544e+06  1.98154e+07  0  0  1.55161e+06  0
1.34  1.4345e+06  1.6136e+07  0  0  1.15427e+06  0
1.36  1.28237e+06  8.36898e+06  0  0  1.03519e+06  0
1.38  1.21908e+06  3.5466e+06  0  0  993168  0
1.4  734144  8.81774e+06  0  0  646845  0
1.42  854816  0  0  0  701826  0
1.44  444771  0  0  0  472309  0
1.46  505741  9.47763e+06  0  0  360392  0
1.48  435542  1.76033e+07  0  0  371211  0
1.5  255818  0  0  0  211160  0
1.52  180051  0  0  0  150836  0
1.54  164586  1.03552e+07  0  0  132266  0
1.56  126317  0  0  0  99091.9  0
1.58  127058  0  0  0  78482.3  0
1.6  57457.8  0  0  0  46556.3  0
1.62  100750  0  0  0  57670.8  0
1.64  38985.6  0  0  0  29638.2  0
1.66  29258.1  0  0  0  15055.2  0
1.68  48170.9  0  0  0  30582.5  0
1.7  19959.1  0  0  0  15382.6  0
1.72  13705.3  0  0  0  13583.5  0
1.74  20581.2  0  0  0  22277.4  0
1.76  6422.38  0  0  0  4771  0
1.78  4524.76  0  0  0  9332.39  0
1.8  5501.9  0  0  0  10927.5  0
1.82  113.856  0  0  0  7436.21  0
1.84  0  0  0  0  0  0
1.86  0  0  0  0  0  0
1.88  0  0  0  0  0  0
1.9  0  0  0  0  0  0
1.92  0  0  0  0  0  0
1.94  0  0  0  0  0  0
1.96  0  0  0  0  0  0
1.98  0  0  0  0  0  0
2  0  0  0  0  0  0
