0.06  2.63245e+08  1.22335e+09  0  1.6314e+08  8.79063e+09  0
0.08  1.29502e+08  2.38636e+09  0  3.86824e+08  2.4259e+10  0
0.1  5.29218e+07  2.77533e+09  0  4.78686e+08  3.74736e+10  0
0.12  4.17828e+07  3.14024e+09  0  5.56596e+08  6.4874e+10  0
0.14  3.37817e+07  3.32097e+09  0  6.23905e+08  9.21708e+10  0
0.16  2.82167e+07  3.02194e+09  0  6.73366e+08  1.26284e+11  0
0.18  2.64196e+07  3.42773e+09  0  6.78575e+08  1.55768e+11  0
0.2  2.4647e+07  2.66867e+09  0  6.57978e+08  1.85085e+11  0
0.22  2.06138e+07  2.62885e+09  0  6.1069e+08  1.92583e+11  0
0.24  1.85348e+07  2.93971e+09  0  5.71664e+08  2.00761e+11  0
0.26  1.76337e+07  1.9536e+09  0  5.22689e+08  1.98236e+11  0
0.28  1.52192e+07  1.72845e+09  0  4.67754e+08  1.87975e+11  0
0.3  1.48978e+07  1.55904e+09  0  4.22968e+08  1.70259e+11  0
0.32  1.2998e+07  1.46963e+09  0  3.67928e+08  1.62358e+11  0
0.34  1.14895e+07  1.36937e+09  0  3.25105e+08  1.47229e+11  0
0.36  1.05274e+07  1.39235e+09  0  2.8667e+08  1.22041e+11  0
0.38  9.15838e+06  1.38246e+09  0  2.46973e+08  1.1131e+11  0
0.4  7.91903e+06  1.01548e+09  0  2.13267e+08  9.72741e+10  0
0.42  7.60228e+06  6.66434e+08  0  1.83142e+08  8.39284e+10  0
0.44  8.07855e+06  7.00712e+08  0  1.58179e+08  7.54902e+10  0
0.46  4.8541e+06  6.75619e+08  0  1.37741e+08  6.34212e+10  0
0.48  5.71348e+06  4.36611e+08  0  1.16768e+08  5.34115e+10  0
0.5  4.80173e+06  1.49498e+09  0  1.02252e+08  4.46044e+10  0
0.52  3.50133e+06  3.71349e+08  0  8.51443e+07  4.13402e+10  0
0.54  3.40492e+06  4.67365e+08  0  7.51627e+07  3.84954e+10  0
0.56  3.07356e+06  1.70745e+08  0  6.32292e+07  3.3913e+10  0
0.58  2.5888e+06  1.69689e+08  0  5.72337e+07  3.12599e+10  0
0.6  2.12542e+06  3.42348e+08  0  4.76439e+07  2.63611e+10  0
0.62  2.0466e+06  1.2349e+08  0  4.21569e+07  2.66992e+10  0
0.64  1.25288e+06  3.30053e+08  0  3.54254e+07  1.98552e+10  0
0.66  1.35397e+06  9.98943e+07  0  3.17235e+07  2.11094e+10  0
0.68  888092  8.85424e+07  0  2.64639e+07  1.77115e+10  0
0.7  813786  7.62743e+07  0  2.48256e+07  1.20974e+10  0
0.72  802325  3.20403e+08  0  2.01999e+07  7.08204e+09  0
0.74  469809  6.20422e+07  0  1.8175e+07  4.90838e+09  0
0.76  528992  5.6392e+07  0  1.6301e+07  4.2868e+09  0
0.78  134860  4.98903e+07  0  1.39623e+07  2.41731e+09  0
0.8  192557  4.46496e+07  0  1.30007e+07  5.42082e+08  0
0.82  412408  3.86286e+07  0  1.06824e+07  2.84414e+08  0
0.84  237854  3.54838e+07  0  9.70782e+06  3.01135e+08  0
0.86  219497  4.11838e+07  0  8.06609e+06  167366  0
0.88  187557  2.87097e+07  0  7.18895e+06  3.08713e+08  0
0.9  190711  2.48178e+07  0  6.17739e+06  182804  0
0.92  128964  2.16288e+07  0  5.45984e+06  91907.3  0
0.94  117736  2.15532e+07  0  4.71481e+06  89089.6  0
0.96  75311.8  1.78837e+07  0  3.92257e+06  59686.2  0
0.98  86693.1  1.67343e+07  0  3.34604e+06  82621.9  0
1  69815.2  1.99165e+07  0  2.88528e+06  79027.5  0
1.02  50516.7  1.51862e+07  0  2.75344e+06  75070.5  0
1.04  26320.5  1.33302e+07  0  2.23143e+06  28192.2  0
1.06  24393.7  1.28156e+07  0  1.90357e+06  28213.8  0
1.08  43044.1  1.02262e+07  0  1.49472e+06  56328.2  0
1.1  0  1.05392e+07  0  1.4063e+06  0  0
1.12  16621.3  9.16944e+06  0  1.09852e+06  27932.6  0
1.14  12962.4  7.64314e+06  0  927905  27661.6  0
1.16  16818.6  7.88842e+06  0  812629  54478.7  0
1.18  3896.14  6.44195e+06  0  501073  26747.7  0
1.2  0  6.20591e+06  0  533328  0  0
1.22  0  4.00662e+06  0  380070  0  0
1.24  0  3.33985e+06  0  307789  0  0
1.26  0  4.40974e+06  0  321655  0  0
1.28  0  2.80114e+06  0  179986  0  0
1.3  0  3.09272e+06  0  178110  0  0
1.32  0  3.43878e+06  0  163387  0  0
1.34  0  1.57745e+06  0  74009.9  0  0
1.36  0  1.73309e+06  0  98627.7  0  0
1.38  0  1.01392e+06  0  57425.8  0  0
1.4  0  708872  0  34620.6  0  0
1.42  0  696098  0  41327  0  0
1.44  0  704803  0  24537.9  0  0
1.46  0  619864  0  25378.9  0  0
1.48  0  810336  0  32275.7  0  0
1.5  0  514089  0  14268.6  0  0
1.52  0  213280  0  1703.32  0  0
1.54  0  328599  0  9466.29  0  0
1.56  0  237367  0  16222.7  0  0
1.58  0  85369.8  0  6943.58  0  0
1.6  0  237486  0  6556.39  0  0
1.62  0  166571  0  5464.84  0  0
1.64  0  0  0  0  0  0
1.66  0  184532  0  8072.08  0  0
1.68  0  0  0  0  0  0
1.7  0  95633.2  0  2424.71  0  0
1.72  0  97273.4  0  1592.84  0  0
1.74  0  100095  0  89.9932  0  0
1.76  0  0  0  0  0  0
1.78  0  0  0  0  0  0
1.8  0  0  0  0  0  0
1.82  0  0  0  0  0  0
1.84  0  0  0  0  0  0
1.86  0  0  0  0  0  0
1.88  0  0  0  0  0  0
1.9  0  0  0  0  0  0
1.92  0  0  0  0  0  0
1.94  0  0  0  0  0  0
1.96  0  0  0  0  0  0
1.98  0  0  0  0  0  0
2  0  0  0  0  0  0
