0.06  5.50491e+08  8.98146e+09  0  2.86634e+07  2.63838e+09  0
0.08  9.21134e+08  2.88303e+10  0  4.37654e+07  2.95438e+09  0
0.1  9.32559e+08  4.55252e+10  0  3.40801e+07  2.62613e+09  0
0.12  9.58736e+08  6.81658e+10  0  2.88417e+07  3.11424e+09  0
0.14  9.53481e+08  9.35658e+10  0  2.5082e+07  3.44819e+09  0
0.16  9.35354e+08  1.28603e+11  0  2.30547e+07  3.70248e+09  0
0.18  9.2638e+08  1.6713e+11  0  1.96059e+07  3.98595e+09  0
0.2  9.07305e+08  1.9948e+11  0  1.72845e+07  3.37256e+09  0
0.22  8.87169e+08  2.09534e+11  0  1.46858e+07  3.44449e+09  0
0.24  8.50509e+08  2.23884e+11  0  1.20898e+07  3.42839e+09  0
0.26  8.04671e+08  2.22796e+11  0  1.06603e+07  2.61625e+09  0
0.28  7.5418e+08  2.19434e+11  0  8.63445e+06  2.25784e+09  0
0.3  6.92235e+08  2.09772e+11  0  7.0848e+06  2.25641e+09  0
0.32  6.47857e+08  1.98853e+11  0  5.46797e+06  1.74318e+09  0
0.34  5.84976e+08  1.79206e+11  0  5.46484e+06  1.40272e+09  0
0.36  5.35103e+08  1.65015e+11  0  4.46231e+06  1.43486e+09  0
0.38  4.76882e+08  1.41806e+11  0  3.53477e+06  8.95146e+08  0
0.4  4.37256e+08  1.23662e+11  0  2.70019e+06  1.04668e+09  0
0.42  3.82473e+08  1.03036e+11  0  2.14519e+06  1.15687e+09  0
0.44  3.48134e+08  7.97513e+10  0  2.13826e+06  8.33757e+08  0
0.46  3.03875e+08  7.00037e+10  0  1.6555e+06  4.01285e+08  0
0.48  2.73673e+08  5.61162e+10  0  1.32664e+06  7.41023e+08  0
0.5  2.41108e+08  5.32574e+10  0  1.08277e+06  4.55584e+08  0
0.52  2.11064e+08  4.48143e+10  0  940409  2.54236e+08  0
0.54  1.8692e+08  3.9297e+10  0  601178  1.62866e+08  0
0.56  1.61301e+08  3.36436e+10  0  593820  3.15597e+08  0
0.58  1.47154e+08  3.0188e+10  0  452356  1.28061e+08  0
0.6  1.22886e+08  2.74087e+10  0  319702  3.03172e+08  0
0.62  1.08843e+08  2.00816e+10  0  235381  9.62154e+07  0
0.64  9.59277e+07  1.90821e+10  0  241154  8.12306e+07  0
0.66  8.57725e+07  1.75007e+10  0  147783  7.32547e+07  0
0.68  7.50054e+07  1.50046e+10  0  110218  6.25586e+07  0
0.7  6.84482e+07  1.35611e+10  0  103686  5.85765e+07  0
0.72  5.67466e+07  1.09708e+10  0  95692.5  4.87773e+07  0
0.74  5.01729e+07  8.22987e+09  0  68669.1  4.08085e+07  0
0.76  4.76431e+07  4.8209e+09  0  63542.6  3.85828e+07  0
0.78  4.19806e+07  4.75322e+09  0  35379.4  3.49328e+07  0
0.8  3.59347e+07  2.82588e+09  0  15295.8  2.91775e+07  0
0.82  3.19971e+07  2.36342e+09  0  3423.97  2.66399e+07  0
0.84  2.85402e+07  3.34351e+08  0  2590.36  2.33037e+07  0
0.86  2.51748e+07  5.4156e+07  0  0  2.00881e+07  0
0.88  2.42438e+07  1.36386e+08  0  0  1.97662e+07  0
0.9  2.05969e+07  6.04883e+07  0  0  1.73383e+07  0
0.92  1.75251e+07  3.14176e+07  0  0  1.4478e+07  0
0.94  1.65537e+07  6.54927e+07  0  0  1.43361e+07  0
0.96  1.45602e+07  7.25174e+07  0  0  1.24461e+07  0
0.98  1.215e+07  0  0  0  1.07197e+07  0
1  1.10372e+07  1.90858e+07  0  0  9.80419e+06  0
1.02  1.02354e+07  3.56404e+07  0  0  8.88616e+06  0
1.04  7.63378e+06  2.60045e+07  0  0  7.27189e+06  0
1.06  8.0927e+06  6.08268e+07  0  0  5.86877e+06  0
1.08  5.8374e+06  1.66546e+06  0  0  5.09434e+06  0
1.1  5.79085e+06  2.27274e+07  0  0  4.76217e+06  0
1.12  4.39819e+06  3.65221e+07  0  0  3.79905e+06  0
1.14  4.57977e+06  3.35306e+07  0  0  3.70369e+06  0
1.16  3.41302e+06  3.89303e+07  0  0  2.37207e+06  0
1.18  4.1045e+06  0  0  0  2.78107e+06  0
1.2  2.50731e+06  0  0  0  1.74665e+06  0
1.22  2.95484e+06  1.99316e+07  0  0  2.19432e+06  0
1.24  2.17513e+06  2.8071e+07  0  0  1.494e+06  0
1.26  2.33647e+06  0  0  0  1.57065e+06  0
1.28  1.59585e+06  0  0  0  1.12686e+06  0
1.3  1.80539e+06  0  0  0  1.37488e+06  0
1.32  1.26995e+06  3.21125e+07  0  0  947285  0
1.34  1.2133e+06  0  0  0  845481  0
1.36  759744  0  0  0  729022  0
1.38  963763  0  0  0  623697  0
1.4  782659  0  0  0  630241  0
1.42  566341  0  0  0  492029  0
1.44  604141  0  0  0  451336  0
1.46  164433  0  0  0  255766  0
1.48  544681  0  0  0  272116  0
1.5  174080  0  0  0  87704.1  0
1.52  264082  0  0  0  138018  0
1.54  354161  0  0  0  191364  0
1.56  97432.8  0  0  0  57833  0
1.58  168061  0  0  0  94620.8  0
1.6  176313  0  0  0  98437.9  0
1.62  118659  0  0  0  75347.8  0
1.64  79086  0  0  0  59888.9  0
1.66  74214.6  0  0  0  63421.4  0
1.68  37191.4  0  0  0  28921.4  0
1.7  22400.9  0  0  0  14965.4  0
1.72  4893.94  0  0  0  26789.4  0
1.74  8491.86  0  0  0  11510.1  0
1.76  0  0  0  0  0  0
1.78  0  0  0  0  0  0
1.8  0  0  0  0  0  0
1.82  0  0  0  0  0  0
1.84  0  0  0  0  0  0
1.86  0  0  0  0  0  0
1.88  0  0  0  0  0  0
1.9  0  0  0  0  0  0
1.92  0  0  0  0  0  0
1.94  0  0  0  0  0  0
1.96  0  0  0  0  0  0
1.98  0  0  0  0  0  0
2  0  0  0  0  0  0
