0.06 0  0  0  1.28142e+08  0  0
0.08 0  0  0  2.92903e+08  0  0
0.1 0  0  0  3.56318e+08  0  0
0.12 0  0  0  4.1832e+08  0  0
0.14 0  0  0  4.66919e+08  0  0
0.16 0  0  0  5.02456e+08  0  0
0.18 0  0  0  4.94654e+08  0  0
0.2 0  0  0  4.86934e+08  0  0
0.22 0  0  0  4.50941e+08  0  0
0.24 0  0  0  4.14463e+08  0  0
0.26 0  0  0  3.73296e+08  0  0
0.28 0  0  0  3.33796e+08  0  0
0.3 0  0  0  2.95412e+08  0  0
0.32 0  0  0  2.56962e+08  0  0
0.34 0  0  0  2.2539e+08  0  0
0.36 0  0  0  1.90739e+08  0  0
0.38 0  0  0  1.63079e+08  0  0
0.4 0  0  0  1.39129e+08  0  0
0.42 0  0  0  1.18831e+08  0  0
0.44 0  0  0  9.84565e+07  0  0
0.46 0  0  0  8.65475e+07  0  0
0.48 0  0  0  7.2224e+07  0  0
0.5 0  0  0  6.04423e+07  0  0
0.52 0  0  0  4.99409e+07  0  0
0.54 0  0  0  4.44535e+07  0  0
0.56 0  0  0  3.57963e+07  0  0
0.58 0  0  0  3.05634e+07  0  0
0.6 0  0  0  2.62854e+07  0  0
0.62 0  0  0  2.24755e+07  0  0
0.64 0  0  0  1.85917e+07  0  0
0.66 0  0  0  1.68141e+07  0  0
0.68 0  0  0  1.33829e+07  0  0
0.7 0  0  0  1.15084e+07  0  0
0.72 0  0  0  1.04748e+07  0  0
0.74 0  0  0  9.14949e+06  0  0
0.76 0  0  0  7.83596e+06  0  0
0.78 0  0  0  7.1908e+06  0  0
0.8 0  0  0  5.85945e+06  0  0
0.82 0  0  0  5.2199e+06  0  0
0.84 0  0  0  4.51161e+06  0  0
0.86 0  0  0  3.76065e+06  0  0
0.88 0  0  0  3.31674e+06  0  0
0.9 0  0  0  2.90818e+06  0  0
0.92 0  0  0  2.6728e+06  0  0
0.94 0  0  0  2.30897e+06  0  0
0.96 0  0  0  1.76403e+06  0  0
0.98 0  0  0  1.74376e+06  0  0
1 0  0  0  1.38694e+06  0  0
1.02 0  0  0  1.18275e+06  0  0
1.04 0  0  0  1.08451e+06  0  0
1.06 0  0  0  820446  0  0
1.08 0  0  0  593302  0  0
1.1 0  0  0  513048  0  0
1.12 0  0  0  371524  0  0
1.14 0  0  0  379284  0  0
1.16 0  0  0  308490  0  0
1.18 0  0  0  214752  0  0
1.2 0  0  0  162731  0  0
1.22 0  0  0  165890  0  0
1.24 0  0  0  122111  0  0
1.26 0  0  0  109731  0  0
1.28 0  0  0  82537.9  0  0
1.3 0  0  0  68963.9  0  0
1.32 0  0  0  20311.9  0  0
1.34 0  0  0  30668.1  0  0
1.36 0  0  0  35714.9  0  0
1.38 0  0  0  6654.17  0  0
1.4 0  0  0  16464.9  0  0
1.42 0  0  0  10267.6  0  0
1.44 0  0  0  6654.26  0  0
1.46 0  0  0  5302.41  0  0
1.48 0  0  0  358.833  0  0
1.5 0  0  0  1473.55  0  0
1.52 0  0  0  1163  0  0
1.54 0  0  0  1929.81  0  0
1.56 0  0  0  857.698  0  0
1.58 0  0  0  0  0  0
1.6 0  0  0  1118.49  0  0
1.62 0  0  0  310.039  0  0
1.64 0  0  0  0  0  0
1.66 0  0  0  141.266  0  0
1.68 0  0  0  0  0  0
1.7 0  0  0  0  0  0
1.72 0  0  0  0  0  0
1.74 0  0  0  0  0  0
1.76 0  0  0  0  0  0
1.78 0  0  0  0  0  0
1.8 0  0  0  0  0  0
1.82 0  0  0  0  0  0
1.84 0  0  0  0  0  0
1.86 0  0  0  0  0  0
1.88 0  0  0  0  0  0
1.9 0  0  0  0  0  0
1.92 0  0  0  0  0  0
1.94 0  0  0  0  0  0
1.96 0  0  0  0  0  0
1.98 0  0  0  0  0  0
2 0  0  0  0  0  0
