0.06  2.55937e+08  3.55293e+09  0  1.28142e+08  7.45093e+09  0
0.08  1.3306e+08  3.97724e+09  0  2.92903e+08  2.23616e+10  0
0.1  6.07751e+07  3.44617e+09  0  3.56318e+08  3.54325e+10  0
0.12  4.84119e+07  4.09299e+09  0  4.1832e+08  5.22019e+10  0
0.14  4.18412e+07  4.80958e+09  0  4.66919e+08  7.16122e+10  0
0.16  3.42088e+07  5.17883e+09  0  5.02456e+08  9.93063e+10  0
0.18  3.2094e+07  5.41464e+09  0  4.94654e+08  1.26446e+11  0
0.2  2.80539e+07  5.3898e+09  0  4.86934e+08  1.38788e+11  0
0.22  2.46427e+07  5.07123e+09  0  4.50941e+08  1.58631e+11  0
0.24  2.29309e+07  4.63713e+09  0  4.14463e+08  1.60211e+11  0
0.26  1.91471e+07  4.66198e+09  0  3.73296e+08  1.48847e+11  0
0.28  1.56812e+07  4.42242e+09  0  3.33796e+08  1.44946e+11  0
0.3  1.60565e+07  3.51893e+09  0  2.95412e+08  1.31313e+11  0
0.32  1.22291e+07  3.22166e+09  0  2.56962e+08  1.22558e+11  0
0.34  1.03252e+07  2.83907e+09  0  2.2539e+08  1.04102e+11  0
0.36  1.05649e+07  2.5514e+09  0  1.90739e+08  8.80277e+10  0
0.38  8.87289e+06  2.31299e+09  0  1.63079e+08  8.20876e+10  0
0.4  7.47426e+06  1.32319e+09  0  1.39129e+08  5.80492e+10  0
0.42  6.75152e+06  2.05408e+09  0  1.18831e+08  4.65265e+10  0
0.44  5.73722e+06  7.98726e+08  0  9.84565e+07  3.61084e+10  0
0.46  4.6681e+06  8.34359e+08  0  8.65475e+07  3.24758e+10  0
0.48  5.07592e+06  6.30731e+08  0  7.2224e+07  2.26518e+10  0
0.5  3.28073e+06  7.36211e+08  0  6.04423e+07  2.09453e+10  0
0.52  3.1522e+06  4.85097e+08  0  4.99409e+07  1.98035e+10  0
0.54  2.88509e+06  4.68245e+08  0  4.44535e+07  1.55254e+10  0
0.56  2.57497e+06  2.87e+08  0  3.57963e+07  1.37156e+10  0
0.58  1.82694e+06  6.32445e+08  0  3.05634e+07  1.23414e+10  0
0.6  1.81455e+06  4.07846e+08  0  2.62854e+07  1.16908e+10  0
0.62  1.33687e+06  2.99953e+08  0  2.24755e+07  8.09788e+09  0
0.64  1.41752e+06  2.96231e+08  0  1.85917e+07  9.99311e+09  0
0.66  1.15501e+06  7.59701e+07  0  1.68141e+07  7.91855e+09  0
0.68  818706  6.65047e+07  0  1.33829e+07  6.40768e+09  0
0.7  901793  5.36964e+08  0  1.15084e+07  4.69052e+09  0
0.72  806538  4.87751e+07  0  1.04748e+07  5.19596e+09  0
0.74  693188  2.99884e+08  0  9.14949e+06  4.07638e+09  0
0.76  521403  3.53316e+07  0  7.83596e+06  3.18654e+09  0
0.78  447816  3.01449e+08  0  7.1908e+06  1.63771e+09  0
0.8  357191  2.94986e+08  0  5.85945e+06  2.82775e+08  0
0.82  352599  2.86945e+07  0  5.2199e+06  5.84119e+08  0
0.84  266459  1.98317e+07  0  4.51161e+06  654019  0
0.86  182331  2.22976e+07  0  3.76065e+06  161744  0
0.88  143868  1.39417e+07  0  3.31674e+06  406217  0
0.9  171669  1.22958e+07  0  2.90818e+06  370043  0
0.92  97342  2.85319e+07  0  2.6728e+06  56096.3  0
0.94  99593.8  1.40729e+07  0  2.30897e+06  82394.6  0
0.96  146268  8.38332e+06  0  1.76403e+06  121858  0
0.98  140269  8.32117e+06  0  1.74376e+06  120847  0
1  0  6.92008e+06  0  1.38694e+06  0  0
1.02  69389.2  6.56027e+06  0  1.18275e+06  75701.7  0
1.04  61889.5  6.04643e+06  0  1.08451e+06  74639  0
1.06  67367.2  1.61753e+07  0  820446  80620.4  0
1.08  31887  1.62448e+07  0  593302  101397  0
1.1  15194  4.00974e+06  0  513048  7248.16  0
1.12  0  2.7577e+06  0  371524  0  0
1.14  13037.2  3.83646e+06  0  379284  6640.61  0
1.16  10682.5  2.68457e+06  0  308490  5966.5  0
1.18  8439.61  2.37193e+06  0  214752  5316.48  0
1.2  6740.1  2.10607e+06  0  162731  4819.78  0
1.22  8528.18  2.0479e+06  0  165890  8180.9  0
1.24  1304.44  1.67408e+06  0  122111  3212.76  0
1.26  0  1.60915e+06  0  109731  0  0
1.28  0  1.46411e+06  0  82537.9  0  0
1.3  0  1.86054e+06  0  68963.9  0  0
1.32  0  711016  0  20311.9  0  0
1.34  0  1.30175e+06  0  30668.1  0  0
1.36  0  818000  0  35714.9  0  0
1.38  0  198060  0  6654.17  0  0
1.4  0  467643  0  16464.9  0  0
1.42  0  454226  0  10267.6  0  0
1.44  0  420873  0  6654.26  0  0
1.46  0  338453  0  5302.41  0  0
1.48  0  196250  0  358.833  0  0
1.5  0  122307  0  1473.55  0  0
1.52  0  32790.4  0  1163  0  0
1.54  0  68168.1  0  1929.81  0  0
1.56  0  34749.1  0  857.698  0  0
1.58  0  0  0  0  0  0
1.6  0  72948.6  0  1118.49  0  0
1.62  0  37807.7  0  310.039  0  0
1.64  0  0  0  0  0  0
1.66  0  78025.4  0  141.266  0  0
1.68  0  0  0  0  0  0
1.7  0  0  0  0  0  0
1.72  0  0  0  0  0  0
1.74  0  0  0  0  0  0
1.76  0  0  0  0  0  0
1.78  0  0  0  0  0  0
1.8  0  0  0  0  0  0
1.82  0  0  0  0  0  0
1.84  0  0  0  0  0  0
1.86  0  0  0  0  0  0
1.88  0  0  0  0  0  0
1.9  0  0  0  0  0  0
1.92  0  0  0  0  0  0
1.94  0  0  0  0  0  0
1.96  0  0  0  0  0  0
1.98  0  0  0  0  0  0
2  0  0  0  0  0  0
