0.06 0  0  0  0  7.45093e+09  0
0.08 0  0  0  0  2.23616e+10  0
0.1 0  0  0  0  3.54325e+10  0
0.12 0  0  0  0  5.22019e+10  0
0.14 0  0  0  0  7.16122e+10  0
0.16 0  0  0  0  9.93063e+10  0
0.18 0  0  0  0  1.26446e+11  0
0.2 0  0  0  0  1.38788e+11  0
0.22 0  0  0  0  1.58631e+11  0
0.24 0  0  0  0  1.60211e+11  0
0.26 0  0  0  0  1.48847e+11  0
0.28 0  0  0  0  1.44946e+11  0
0.3 0  0  0  0  1.31313e+11  0
0.32 0  0  0  0  1.22558e+11  0
0.34 0  0  0  0  1.04102e+11  0
0.36 0  0  0  0  8.80277e+10  0
0.38 0  0  0  0  8.20876e+10  0
0.4 0  0  0  0  5.80492e+10  0
0.42 0  0  0  0  4.65265e+10  0
0.44 0  0  0  0  3.61084e+10  0
0.46 0  0  0  0  3.24758e+10  0
0.48 0  0  0  0  2.26518e+10  0
0.5 0  0  0  0  2.09453e+10  0
0.52 0  0  0  0  1.98035e+10  0
0.54 0  0  0  0  1.55254e+10  0
0.56 0  0  0  0  1.37156e+10  0
0.58 0  0  0  0  1.23414e+10  0
0.6 0  0  0  0  1.16908e+10  0
0.62 0  0  0  0  8.09788e+09  0
0.64 0  0  0  0  9.99311e+09  0
0.66 0  0  0  0  7.91855e+09  0
0.68 0  0  0  0  6.40768e+09  0
0.7 0  0  0  0  4.69052e+09  0
0.72 0  0  0  0  5.19596e+09  0
0.74 0  0  0  0  4.07638e+09  0
0.76 0  0  0  0  3.18654e+09  0
0.78 0  0  0  0  1.63771e+09  0
0.8 0  0  0  0  2.82775e+08  0
0.82 0  0  0  0  5.84119e+08  0
0.84 0  0  0  0  654019  0
0.86 0  0  0  0  161744  0
0.88 0  0  0  0  406217  0
0.9 0  0  0  0  370043  0
0.92 0  0  0  0  56096.3  0
0.94 0  0  0  0  82394.6  0
0.96 0  0  0  0  121858  0
0.98 0  0  0  0  120847  0
1 0  0  0  0  0  0
1.02 0  0  0  0  75701.7  0
1.04 0  0  0  0  74639  0
1.06 0  0  0  0  80620.4  0
1.08 0  0  0  0  101397  0
1.1 0  0  0  0  7248.16  0
1.12 0  0  0  0  0  0
1.14 0  0  0  0  6640.61  0
1.16 0  0  0  0  5966.5  0
1.18 0  0  0  0  5316.48  0
1.2 0  0  0  0  4819.78  0
1.22 0  0  0  0  8180.9  0
1.24 0  0  0  0  3212.76  0
1.26 0  0  0  0  0  0
1.28 0  0  0  0  0  0
1.3 0  0  0  0  0  0
1.32 0  0  0  0  0  0
1.34 0  0  0  0  0  0
1.36 0  0  0  0  0  0
1.38 0  0  0  0  0  0
1.4 0  0  0  0  0  0
1.42 0  0  0  0  0  0
1.44 0  0  0  0  0  0
1.46 0  0  0  0  0  0
1.48 0  0  0  0  0  0
1.5 0  0  0  0  0  0
1.52 0  0  0  0  0  0
1.54 0  0  0  0  0  0
1.56 0  0  0  0  0  0
1.58 0  0  0  0  0  0
1.6 0  0  0  0  0  0
1.62 0  0  0  0  0  0
1.64 0  0  0  0  0  0
1.66 0  0  0  0  0  0
1.68 0  0  0  0  0  0
1.7 0  0  0  0  0  0
1.72 0  0  0  0  0  0
1.74 0  0  0  0  0  0
1.76 0  0  0  0  0  0
1.78 0  0  0  0  0  0
1.8 0  0  0  0  0  0
1.82 0  0  0  0  0  0
1.84 0  0  0  0  0  0
1.86 0  0  0  0  0  0
1.88 0  0  0  0  0  0
1.9 0  0  0  0  0  0
1.92 0  0  0  0  0  0
1.94 0  0  0  0  0  0
1.96 0  0  0  0  0  0
1.98 0  0  0  0  0  0
2 0  0  0  0  0  0
