0.06 0  8.98146e+09  0  0  0  0
0.08 0  2.88303e+10  0  0  0  0
0.1 0  4.55252e+10  0  0  0  0
0.12 0  6.81658e+10  0  0  0  0
0.14 0  9.35658e+10  0  0  0  0
0.16 0  1.28603e+11  0  0  0  0
0.18 0  1.6713e+11  0  0  0  0
0.2 0  1.9948e+11  0  0  0  0
0.22 0  2.09534e+11  0  0  0  0
0.24 0  2.23884e+11  0  0  0  0
0.26 0  2.22796e+11  0  0  0  0
0.28 0  2.19434e+11  0  0  0  0
0.3 0  2.09772e+11  0  0  0  0
0.32 0  1.98853e+11  0  0  0  0
0.34 0  1.79206e+11  0  0  0  0
0.36 0  1.65015e+11  0  0  0  0
0.38 0  1.41806e+11  0  0  0  0
0.4 0  1.23662e+11  0  0  0  0
0.42 0  1.03036e+11  0  0  0  0
0.44 0  7.97513e+10  0  0  0  0
0.46 0  7.00037e+10  0  0  0  0
0.48 0  5.61162e+10  0  0  0  0
0.5 0  5.32574e+10  0  0  0  0
0.52 0  4.48143e+10  0  0  0  0
0.54 0  3.9297e+10  0  0  0  0
0.56 0  3.36436e+10  0  0  0  0
0.58 0  3.0188e+10  0  0  0  0
0.6 0  2.74087e+10  0  0  0  0
0.62 0  2.00816e+10  0  0  0  0
0.64 0  1.90821e+10  0  0  0  0
0.66 0  1.75007e+10  0  0  0  0
0.68 0  1.50046e+10  0  0  0  0
0.7 0  1.35611e+10  0  0  0  0
0.72 0  1.09708e+10  0  0  0  0
0.74 0  8.22987e+09  0  0  0  0
0.76 0  4.8209e+09  0  0  0  0
0.78 0  4.75322e+09  0  0  0  0
0.8 0  2.82588e+09  0  0  0  0
0.82 0  2.36342e+09  0  0  0  0
0.84 0  3.34351e+08  0  0  0  0
0.86 0  5.4156e+07  0  0  0  0
0.88 0  1.36386e+08  0  0  0  0
0.9 0  6.04883e+07  0  0  0  0
0.92 0  3.14176e+07  0  0  0  0
0.94 0  6.54927e+07  0  0  0  0
0.96 0  7.25174e+07  0  0  0  0
0.98 0  0  0  0  0  0
1 0  1.90858e+07  0  0  0  0
1.02 0  3.56404e+07  0  0  0  0
1.04 0  2.60045e+07  0  0  0  0
1.06 0  6.08268e+07  0  0  0  0
1.08 0  1.66546e+06  0  0  0  0
1.1 0  2.27274e+07  0  0  0  0
1.12 0  3.65221e+07  0  0  0  0
1.14 0  3.35306e+07  0  0  0  0
1.16 0  3.89303e+07  0  0  0  0
1.18 0  0  0  0  0  0
1.2 0  0  0  0  0  0
1.22 0  1.99316e+07  0  0  0  0
1.24 0  2.8071e+07  0  0  0  0
1.26 0  0  0  0  0  0
1.28 0  0  0  0  0  0
1.3 0  0  0  0  0  0
1.32 0  3.21125e+07  0  0  0  0
1.34 0  0  0  0  0  0
1.36 0  0  0  0  0  0
1.38 0  0  0  0  0  0
1.4 0  0  0  0  0  0
1.42 0  0  0  0  0  0
1.44 0  0  0  0  0  0
1.46 0  0  0  0  0  0
1.48 0  0  0  0  0  0
1.5 0  0  0  0  0  0
1.52 0  0  0  0  0  0
1.54 0  0  0  0  0  0
1.56 0  0  0  0  0  0
1.58 0  0  0  0  0  0
1.6 0  0  0  0  0  0
1.62 0  0  0  0  0  0
1.64 0  0  0  0  0  0
1.66 0  0  0  0  0  0
1.68 0  0  0  0  0  0
1.7 0  0  0  0  0  0
1.72 0  0  0  0  0  0
1.74 0  0  0  0  0  0
1.76 0  0  0  0  0  0
1.78 0  0  0  0  0  0
1.8 0  0  0  0  0  0
1.82 0  0  0  0  0  0
1.84 0  0  0  0  0  0
1.86 0  0  0  0  0  0
1.88 0  0  0  0  0  0
1.9 0  0  0  0  0  0
1.92 0  0  0  0  0  0
1.94 0  0  0  0  0  0
1.96 0  0  0  0  0  0
1.98 0  0  0  0  0  0
2 0  0  0  0  0  0
