0.06 0  0  0  2.86634e+07  0  0
0.08 0  0  0  4.37654e+07  0  0
0.1 0  0  0  3.40801e+07  0  0
0.12 0  0  0  2.88417e+07  0  0
0.14 0  0  0  2.5082e+07  0  0
0.16 0  0  0  2.30547e+07  0  0
0.18 0  0  0  1.96059e+07  0  0
0.2 0  0  0  1.72845e+07  0  0
0.22 0  0  0  1.46858e+07  0  0
0.24 0  0  0  1.20898e+07  0  0
0.26 0  0  0  1.06603e+07  0  0
0.28 0  0  0  8.63445e+06  0  0
0.3 0  0  0  7.0848e+06  0  0
0.32 0  0  0  5.46797e+06  0  0
0.34 0  0  0  5.46484e+06  0  0
0.36 0  0  0  4.46231e+06  0  0
0.38 0  0  0  3.53477e+06  0  0
0.4 0  0  0  2.70019e+06  0  0
0.42 0  0  0  2.14519e+06  0  0
0.44 0  0  0  2.13826e+06  0  0
0.46 0  0  0  1.6555e+06  0  0
0.48 0  0  0  1.32664e+06  0  0
0.5 0  0  0  1.08277e+06  0  0
0.52 0  0  0  940409  0  0
0.54 0  0  0  601178  0  0
0.56 0  0  0  593820  0  0
0.58 0  0  0  452356  0  0
0.6 0  0  0  319702  0  0
0.62 0  0  0  235381  0  0
0.64 0  0  0  241154  0  0
0.66 0  0  0  147783  0  0
0.68 0  0  0  110218  0  0
0.7 0  0  0  103686  0  0
0.72 0  0  0  95692.5  0  0
0.74 0  0  0  68669.1  0  0
0.76 0  0  0  63542.6  0  0
0.78 0  0  0  35379.4  0  0
0.8 0  0  0  15295.8  0  0
0.82 0  0  0  3423.97  0  0
0.84 0  0  0  2590.36  0  0
0.86 0  0  0  0  0  0
0.88 0  0  0  0  0  0
0.9 0  0  0  0  0  0
0.92 0  0  0  0  0  0
0.94 0  0  0  0  0  0
0.96 0  0  0  0  0  0
0.98 0  0  0  0  0  0
1 0  0  0  0  0  0
1.02 0  0  0  0  0  0
1.04 0  0  0  0  0  0
1.06 0  0  0  0  0  0
1.08 0  0  0  0  0  0
1.1 0  0  0  0  0  0
1.12 0  0  0  0  0  0
1.14 0  0  0  0  0  0
1.16 0  0  0  0  0  0
1.18 0  0  0  0  0  0
1.2 0  0  0  0  0  0
1.22 0  0  0  0  0  0
1.24 0  0  0  0  0  0
1.26 0  0  0  0  0  0
1.28 0  0  0  0  0  0
1.3 0  0  0  0  0  0
1.32 0  0  0  0  0  0
1.34 0  0  0  0  0  0
1.36 0  0  0  0  0  0
1.38 0  0  0  0  0  0
1.4 0  0  0  0  0  0
1.42 0  0  0  0  0  0
1.44 0  0  0  0  0  0
1.46 0  0  0  0  0  0
1.48 0  0  0  0  0  0
1.5 0  0  0  0  0  0
1.52 0  0  0  0  0  0
1.54 0  0  0  0  0  0
1.56 0  0  0  0  0  0
1.58 0  0  0  0  0  0
1.6 0  0  0  0  0  0
1.62 0  0  0  0  0  0
1.64 0  0  0  0  0  0
1.66 0  0  0  0  0  0
1.68 0  0  0  0  0  0
1.7 0  0  0  0  0  0
1.72 0  0  0  0  0  0
1.74 0  0  0  0  0  0
1.76 0  0  0  0  0  0
1.78 0  0  0  0  0  0
1.8 0  0  0  0  0  0
1.82 0  0  0  0  0  0
1.84 0  0  0  0  0  0
1.86 0  0  0  0  0  0
1.88 0  0  0  0  0  0
1.9 0  0  0  0  0  0
1.92 0  0  0  0  0  0
1.94 0  0  0  0  0  0
1.96 0  0  0  0  0  0
1.98 0  0  0  0  0  0
2 0  0  0  0  0  0
