0.06 0  0  0  0  2.63838e+09  0
0.08 0  0  0  0  2.95438e+09  0
0.1 0  0  0  0  2.62613e+09  0
0.12 0  0  0  0  3.11424e+09  0
0.14 0  0  0  0  3.44819e+09  0
0.16 0  0  0  0  3.70248e+09  0
0.18 0  0  0  0  3.98595e+09  0
0.2 0  0  0  0  3.37256e+09  0
0.22 0  0  0  0  3.44449e+09  0
0.24 0  0  0  0  3.42839e+09  0
0.26 0  0  0  0  2.61625e+09  0
0.28 0  0  0  0  2.25784e+09  0
0.3 0  0  0  0  2.25641e+09  0
0.32 0  0  0  0  1.74318e+09  0
0.34 0  0  0  0  1.40272e+09  0
0.36 0  0  0  0  1.43486e+09  0
0.38 0  0  0  0  8.95146e+08  0
0.4 0  0  0  0  1.04668e+09  0
0.42 0  0  0  0  1.15687e+09  0
0.44 0  0  0  0  8.33757e+08  0
0.46 0  0  0  0  4.01285e+08  0
0.48 0  0  0  0  7.41023e+08  0
0.5 0  0  0  0  4.55584e+08  0
0.52 0  0  0  0  2.54236e+08  0
0.54 0  0  0  0  1.62866e+08  0
0.56 0  0  0  0  3.15597e+08  0
0.58 0  0  0  0  1.28061e+08  0
0.6 0  0  0  0  3.03172e+08  0
0.62 0  0  0  0  9.62154e+07  0
0.64 0  0  0  0  8.12306e+07  0
0.66 0  0  0  0  7.32547e+07  0
0.68 0  0  0  0  6.25586e+07  0
0.7 0  0  0  0  5.85765e+07  0
0.72 0  0  0  0  4.87773e+07  0
0.74 0  0  0  0  4.08085e+07  0
0.76 0  0  0  0  3.85828e+07  0
0.78 0  0  0  0  3.49328e+07  0
0.8 0  0  0  0  2.91775e+07  0
0.82 0  0  0  0  2.66399e+07  0
0.84 0  0  0  0  2.33037e+07  0
0.86 0  0  0  0  2.00881e+07  0
0.88 0  0  0  0  1.97662e+07  0
0.9 0  0  0  0  1.73383e+07  0
0.92 0  0  0  0  1.4478e+07  0
0.94 0  0  0  0  1.43361e+07  0
0.96 0  0  0  0  1.24461e+07  0
0.98 0  0  0  0  1.07197e+07  0
1 0  0  0  0  9.80419e+06  0
1.02 0  0  0  0  8.88616e+06  0
1.04 0  0  0  0  7.27189e+06  0
1.06 0  0  0  0  5.86877e+06  0
1.08 0  0  0  0  5.09434e+06  0
1.1 0  0  0  0  4.76217e+06  0
1.12 0  0  0  0  3.79905e+06  0
1.14 0  0  0  0  3.70369e+06  0
1.16 0  0  0  0  2.37207e+06  0
1.18 0  0  0  0  2.78107e+06  0
1.2 0  0  0  0  1.74665e+06  0
1.22 0  0  0  0  2.19432e+06  0
1.24 0  0  0  0  1.494e+06  0
1.26 0  0  0  0  1.57065e+06  0
1.28 0  0  0  0  1.12686e+06  0
1.3 0  0  0  0  1.37488e+06  0
1.32 0  0  0  0  947285  0
1.34 0  0  0  0  845481  0
1.36 0  0  0  0  729022  0
1.38 0  0  0  0  623697  0
1.4 0  0  0  0  630241  0
1.42 0  0  0  0  492029  0
1.44 0  0  0  0  451336  0
1.46 0  0  0  0  255766  0
1.48 0  0  0  0  272116  0
1.5 0  0  0  0  87704.1  0
1.52 0  0  0  0  138018  0
1.54 0  0  0  0  191364  0
1.56 0  0  0  0  57833  0
1.58 0  0  0  0  94620.8  0
1.6 0  0  0  0  98437.9  0
1.62 0  0  0  0  75347.8  0
1.64 0  0  0  0  59888.9  0
1.66 0  0  0  0  63421.4  0
1.68 0  0  0  0  28921.4  0
1.7 0  0  0  0  14965.4  0
1.72 0  0  0  0  26789.4  0
1.74 0  0  0  0  11510.1  0
1.76 0  0  0  0  0  0
1.78 0  0  0  0  0  0
1.8 0  0  0  0  0  0
1.82 0  0  0  0  0  0
1.84 0  0  0  0  0  0
1.86 0  0  0  0  0  0
1.88 0  0  0  0  0  0
1.9 0  0  0  0  0  0
1.92 0  0  0  0  0  0
1.94 0  0  0  0  0  0
1.96 0  0  0  0  0  0
1.98 0  0  0  0  0  0
2 0  0  0  0  0  0
