0.06  5.50491e+08  0  0  0  0  0 
0.08  9.21134e+08  0  0  0  0  0 
0.1  9.32559e+08  0  0  0  0  0 
0.12  9.58736e+08  0  0  0  0  0 
0.14  9.53481e+08  0  0  0  0  0 
0.16  9.35354e+08  0  0  0  0  0 
0.18  9.2638e+08  0  0  0  0  0 
0.2  9.07305e+08  0  0  0  0  0 
0.22  8.87169e+08  0  0  0  0  0 
0.24  8.50509e+08  0  0  0  0  0 
0.26  8.04671e+08  0  0  0  0  0 
0.28  7.5418e+08  0  0  0  0  0 
0.3  6.92235e+08  0  0  0  0  0 
0.32  6.47857e+08  0  0  0  0  0 
0.34  5.84976e+08  0  0  0  0  0 
0.36  5.35103e+08  0  0  0  0  0 
0.38  4.76882e+08  0  0  0  0  0 
0.4  4.37256e+08  0  0  0  0  0 
0.42  3.82473e+08  0  0  0  0  0 
0.44  3.48134e+08  0  0  0  0  0 
0.46  3.03875e+08  0  0  0  0  0 
0.48  2.73673e+08  0  0  0  0  0 
0.5  2.41108e+08  0  0  0  0  0 
0.52  2.11064e+08  0  0  0  0  0 
0.54  1.8692e+08  0  0  0  0  0 
0.56  1.61301e+08  0  0  0  0  0 
0.58  1.47154e+08  0  0  0  0  0 
0.6  1.22886e+08  0  0  0  0  0 
0.62  1.08843e+08  0  0  0  0  0 
0.64  9.59277e+07  0  0  0  0  0 
0.66  8.57725e+07  0  0  0  0  0 
0.68  7.50054e+07  0  0  0  0  0 
0.7  6.84482e+07  0  0  0  0  0 
0.72  5.67466e+07  0  0  0  0  0 
0.74  5.01729e+07  0  0  0  0  0 
0.76  4.76431e+07  0  0  0  0  0 
0.78  4.19806e+07  0  0  0  0  0 
0.8  3.59347e+07  0  0  0  0  0 
0.82  3.19971e+07  0  0  0  0  0 
0.84  2.85402e+07  0  0  0  0  0 
0.86  2.51748e+07  0  0  0  0  0 
0.88  2.42438e+07  0  0  0  0  0 
0.9  2.05969e+07  0  0  0  0  0 
0.92  1.75251e+07  0  0  0  0  0 
0.94  1.65537e+07  0  0  0  0  0 
0.96  1.45602e+07  0  0  0  0  0 
0.98  1.215e+07  0  0  0  0  0 
1  1.10372e+07  0  0  0  0  0 
1.02  1.02354e+07  0  0  0  0  0 
1.04  7.63378e+06  0  0  0  0  0 
1.06  8.0927e+06  0  0  0  0  0 
1.08  5.8374e+06  0  0  0  0  0 
1.1  5.79085e+06  0  0  0  0  0 
1.12  4.39819e+06  0  0  0  0  0 
1.14  4.57977e+06  0  0  0  0  0 
1.16  3.41302e+06  0  0  0  0  0 
1.18  4.1045e+06  0  0  0  0  0 
1.2  2.50731e+06  0  0  0  0  0 
1.22  2.95484e+06  0  0  0  0  0 
1.24  2.17513e+06  0  0  0  0  0 
1.26  2.33647e+06  0  0  0  0  0 
1.28  1.59585e+06  0  0  0  0  0 
1.3  1.80539e+06  0  0  0  0  0 
1.32  1.26995e+06  0  0  0  0  0 
1.34  1.2133e+06  0  0  0  0  0 
1.36  759744  0  0  0  0  0 
1.38  963763  0  0  0  0  0 
1.4  782659  0  0  0  0  0 
1.42  566341  0  0  0  0  0 
1.44  604141  0  0  0  0  0 
1.46  164433  0  0  0  0  0 
1.48  544681  0  0  0  0  0 
1.5  174080  0  0  0  0  0 
1.52  264082  0  0  0  0  0 
1.54  354161  0  0  0  0  0 
1.56  97432.8  0  0  0  0  0 
1.58  168061  0  0  0  0  0 
1.6  176313  0  0  0  0  0 
1.62  118659  0  0  0  0  0 
1.64  79086  0  0  0  0  0 
1.66  74214.6  0  0  0  0  0 
1.68  37191.4  0  0  0  0  0 
1.7  22400.9  0  0  0  0  0 
1.72  4893.94  0  0  0  0  0 
1.74  8491.86  0  0  0  0  0 
1.76  0  0  0  0  0  0 
1.78  0  0  0  0  0  0 
1.8  0  0  0  0  0  0 
1.82  0  0  0  0  0  0 
1.84  0  0  0  0  0  0 
1.86  0  0  0  0  0  0 
1.88  0  0  0  0  0  0 
1.9  0  0  0  0  0  0 
1.92  0  0  0  0  0  0 
1.94  0  0  0  0  0  0 
1.96  0  0  0  0  0  0 
1.98  0  0  0  0  0  0 
2  0  0  0  0  0  0 
