0.06  2.55937e+08  0  0  0  0  0
0.08  1.3306e+08  0  0  0  0  0
0.1  6.07751e+07  0  0  0  0  0
0.12  4.84119e+07  0  0  0  0  0
0.14  4.18412e+07  0  0  0  0  0
0.16  3.42088e+07  0  0  0  0  0
0.18  3.2094e+07  0  0  0  0  0
0.2  2.80539e+07  0  0  0  0  0
0.22  2.46427e+07  0  0  0  0  0
0.24  2.29309e+07  0  0  0  0  0
0.26  1.91471e+07  0  0  0  0  0
0.28  1.56812e+07  0  0  0  0  0
0.3  1.60565e+07  0  0  0  0  0
0.32  1.22291e+07  0  0  0  0  0
0.34  1.03252e+07  0  0  0  0  0
0.36  1.05649e+07  0  0  0  0  0
0.38  8.87289e+06  0  0  0  0  0
0.4  7.47426e+06  0  0  0  0  0
0.42  6.75152e+06  0  0  0  0  0
0.44  5.73722e+06  0  0  0  0  0
0.46  4.6681e+06  0  0  0  0  0
0.48  5.07592e+06  0  0  0  0  0
0.5  3.28073e+06  0  0  0  0  0
0.52  3.1522e+06  0  0  0  0  0
0.54  2.88509e+06  0  0  0  0  0
0.56  2.57497e+06  0  0  0  0  0
0.58  1.82694e+06  0  0  0  0  0
0.6  1.81455e+06  0  0  0  0  0
0.62  1.33687e+06  0  0  0  0  0
0.64  1.41752e+06  0  0  0  0  0
0.66  1.15501e+06  0  0  0  0  0
0.68  818706  0  0  0  0  0
0.7  901793  0  0  0  0  0
0.72  806538  0  0  0  0  0
0.74  693188  0  0  0  0  0
0.76  521403  0  0  0  0  0
0.78  447816  0  0  0  0  0
0.8  357191  0  0  0  0  0
0.82  352599  0  0  0  0  0
0.84  266459  0  0  0  0  0
0.86  182331  0  0  0  0  0
0.88  143868  0  0  0  0  0
0.9  171669  0  0  0  0  0
0.92  97342  0  0  0  0  0
0.94  99593.8   0  0  0  0  0
0.96  146268  0  0  0  0  0
0.98  140269  0  0  0  0  0
1  0  6.92008e+06  0  0  0  0  0
1.02  69389.2  0  0  0  0  0
1.04  61889.5  0  0  0  0  0
1.06  67367.2  0  0  0  0  0
1.08  31887  0  0  0  0  0
1.1  15194  0  0  0  0  0
1.12  0    0  0  0  0  0
1.14  13037.2  0  0  0  0  0
1.16  10682.5  0  0  0  0  0
1.18  8439.61  0  0  0  0  0
1.2  6740.1  0  0  0  0  0
1.22  8528.18  0  0  0  0  0
1.24  1304.44  0  0  0  0  00
1.26  0  0  0  0  0  0
1.28  0  0  0  0  0  0
1.3  0  0  0  0  0  0
1.32  0  0  0  0  0  0
1.34  0  0  0  0  0  0
1.36  0  0  0  0  0  0
1.38  0  0  0  0  0  0
1.4  0  0  0  0  0  0
1.42  0  0  0  0  0  0
1.44  0  0  0  0  0  0
1.46  0  0  0  0  0  0
1.48  0  0  0  0  0  0
1.5  0  0  0  0  0  0
1.52  0  0  0  0  0  0
1.54  0  0  0  0  0  0
1.56  0  0  0  0  0  0
1.58  0  0  0  0  0  0
1.6  0  0  0  0  0  0
1.62  0  0  0  0  0  0
1.64  0  0  0  0  0  0
1.66  0  0  0  0  0  0
1.68  0  0  0  0  0  0
1.7  0  0  0  0  0  0
1.72  0  0  0  0  0  0
1.74  0  0  0  0  0  0
1.76  0  0  0  0  0  0
1.78  0  0  0  0  0  0
1.8  0  0  0  0  0  0
1.82  0  0  0  0  0  0
1.84  0  0  0  0  0  0
1.86  0  0  0  0  0  0
1.88  0  0  0  0  0  0
1.9  0  0  0  0  0  0
1.92  0  0  0  0  0  0
1.94  0  0  0  0  0  0
1.96  0  0  0  0  0  0
1.98  0  0  0  0  0  0
2  0  0  0  0  0  0
